SCORE: -316.697375
STDEV: 487.3391560741958